|       89 |                0 |                  0 |
|      100 |                0 |                  1 |
|       91 |                0 |                  2 |
|       82 |                0 |                  3 |
|       67 |                0 |                  4 |
|       70 |                0 |                  5 |
|       87 |                0 |                  6 |
|       71 |                0 |                  7 |
|       59 |                0 |                  8 |
|       71 |                0 |                  9 |
|       67 |                0 |                 10 |
|       65 |                0 |                 11 |
|       61 |                0 |                 12 |
|       59 |                0 |                 13 |
|       72 |                0 |                 14 |
|       58 |                0 |                 15 |
|       66 |                0 |                 16 |
|       60 |                0 |                 17 |
|       55 |                0 |                 18 |
|       58 |                0 |                 19 |
|       54 |                0 |                 20 |
|       39 |                0 |                 21 |
|       47 |                0 |                 22 |
|       47 |                0 |                 23 |
|       42 |                0 |                 24 |
|       35 |                0 |                 25 |
|       35 |                0 |                 26 |
|       30 |                0 |                 27 |
|       45 |                0 |                 28 |
|       38 |                0 |                 29 |
|       43 |                0 |                 30 |
|       37 |                0 |                 31 |
|       45 |                0 |                 32 |
|       38 |                0 |                 33 |
|       41 |                0 |                 34 |
|       26 |                0 |                 35 |
|       36 |                0 |                 36 |
|       45 |                0 |                 37 |
|       30 |                0 |                 38 |
|       34 |                0 |                 39 |
|       30 |                0 |                 40 |
|       34 |                0 |                 41 |
|       23 |                0 |                 42 |
|       31 |                0 |                 43 |
|       25 |                0 |                 44 |
|       27 |                0 |                 45 |
|       33 |                0 |                 46 |
|       25 |                0 |                 47 |
|       30 |                0 |                 48 |
|       28 |                0 |                 49 |
|       23 |                0 |                 50 |
|       34 |                0 |                 51 |
|       28 |                0 |                 52 |
|       26 |                0 |                 53 |
|       22 |                0 |                 54 |
|       30 |                0 |                 55 |
|       27 |                0 |                 56 |
|       26 |                0 |                 57 |
|       17 |                0 |                 58 |
|       25 |                0 |                 59 |
|        8 |                1 |                  0 |
|       17 |                1 |                  1 |
|       18 |                1 |                  2 |
|       22 |                1 |                  3 |
|       13 |                1 |                  4 |
|       17 |                1 |                  5 |
|       19 |                1 |                  6 |
|       16 |                1 |                  7 |
|       15 |                1 |                  8 |
|       11 |                1 |                  9 |
|       14 |                1 |                 10 |
|       16 |                1 |                 11 |
|       22 |                1 |                 12 |
|       22 |                1 |                 13 |
|       13 |                1 |                 14 |
|       19 |                1 |                 15 |
|       17 |                1 |                 16 |
|       21 |                1 |                 17 |
|       22 |                1 |                 18 |
|       20 |                1 |                 19 |
|       32 |                1 |                 20 |
|       21 |                1 |                 21 |
|       35 |                1 |                 22 |
|       22 |                1 |                 23 |
|       34 |                1 |                 24 |
|       31 |                1 |                 25 |
|       33 |                1 |                 26 |
|       25 |                1 |                 27 |
|       27 |                1 |                 28 |
|       24 |                1 |                 29 |
|       23 |                1 |                 30 |
|       17 |                1 |                 31 |
|       19 |                1 |                 32 |
|       29 |                1 |                 33 |
|       19 |                1 |                 34 |
|       22 |                1 |                 35 |
|       17 |                1 |                 36 |
|       22 |                1 |                 37 |
|       13 |                1 |                 38 |
|       23 |                1 |                 39 |
|       25 |                1 |                 40 |
|       22 |                1 |                 41 |
|       18 |                1 |                 42 |
|       17 |                1 |                 43 |
|       18 |                1 |                 44 |
|       22 |                1 |                 45 |
|       19 |                1 |                 46 |
|       13 |                1 |                 47 |
|       11 |                1 |                 48 |
|       14 |                1 |                 49 |
|       16 |                1 |                 50 |
|       12 |                1 |                 51 |
|       11 |                1 |                 52 |
|       12 |                1 |                 53 |
|       17 |                1 |                 54 |
|       20 |                1 |                 55 |
|       18 |                1 |                 56 |
|        6 |                1 |                 57 |
|       13 |                1 |                 58 |
|       21 |                1 |                 59 |
|       13 |                2 |                  0 |
|       19 |                2 |                  1 |
|        7 |                2 |                  2 |
|       15 |                2 |                  3 |
|       21 |                2 |                  4 |
|       19 |                2 |                  5 |
|       20 |                2 |                  6 |
|       12 |                2 |                  7 |
|       20 |                2 |                  8 |
|       11 |                2 |                  9 |
|       12 |                2 |                 10 |
|       11 |                2 |                 11 |
|       13 |                2 |                 12 |
|       14 |                2 |                 13 |
|       15 |                2 |                 14 |
|       10 |                2 |                 15 |
|       14 |                2 |                 16 |
|       16 |                2 |                 17 |
|       18 |                2 |                 18 |
|       12 |                2 |                 19 |
|       20 |                2 |                 20 |
|       17 |                2 |                 21 |
|       11 |                2 |                 22 |
|       11 |                2 |                 23 |
|        7 |                2 |                 24 |
|       10 |                2 |                 25 |
|       10 |                2 |                 26 |
|        8 |                2 |                 27 |
|       12 |                2 |                 28 |
|       17 |                2 |                 29 |
|       14 |                2 |                 30 |
|       18 |                2 |                 31 |
|       14 |                2 |                 32 |
|       15 |                2 |                 33 |
|       17 |                2 |                 34 |
|       12 |                2 |                 35 |
|       15 |                2 |                 36 |
|       14 |                2 |                 37 |
|       10 |                2 |                 38 |
|        8 |                2 |                 39 |
|       14 |                2 |                 40 |
|       10 |                2 |                 41 |
|       11 |                2 |                 42 |
|        8 |                2 |                 43 |
|        7 |                2 |                 44 |
|       17 |                2 |                 45 |
|       12 |                2 |                 46 |
|       13 |                2 |                 47 |
|        8 |                2 |                 48 |
|       13 |                2 |                 49 |
|       11 |                2 |                 50 |
|       12 |                2 |                 51 |
|       11 |                2 |                 52 |
|        8 |                2 |                 53 |
|       11 |                2 |                 54 |
|       16 |                2 |                 55 |
|       10 |                2 |                 56 |
|       14 |                2 |                 57 |
|       12 |                2 |                 58 |
|       10 |                2 |                 59 |
|       16 |                3 |                  0 |
|        7 |                3 |                  1 |
|       12 |                3 |                  2 |
|       10 |                3 |                  3 |
|       10 |                3 |                  4 |
|       10 |                3 |                  5 |
|       11 |                3 |                  6 |
|       13 |                3 |                  7 |
|       14 |                3 |                  8 |
|       10 |                3 |                  9 |
|       16 |                3 |                 10 |
|        2 |                3 |                 11 |
|        7 |                3 |                 12 |
|        6 |                3 |                 13 |
|        8 |                3 |                 14 |
|        9 |                3 |                 15 |
|        5 |                3 |                 16 |
|        3 |                3 |                 17 |
|        6 |                3 |                 18 |
|        2 |                3 |                 19 |
|        6 |                3 |                 20 |
|        8 |                3 |                 21 |
|        7 |                3 |                 22 |
|        6 |                3 |                 23 |
|        9 |                3 |                 24 |
|        9 |                3 |                 25 |
|        7 |                3 |                 26 |
|        7 |                3 |                 27 |
|        7 |                3 |                 28 |
|       16 |                3 |                 29 |
|       17 |                3 |                 30 |
|       11 |                3 |                 31 |
|       15 |                3 |                 32 |
|       14 |                3 |                 33 |
|        7 |                3 |                 34 |
|        7 |                3 |                 35 |
|        8 |                3 |                 36 |
|        5 |                3 |                 37 |
|        9 |                3 |                 38 |
|        8 |                3 |                 39 |
|        5 |                3 |                 40 |
|        7 |                3 |                 41 |
|        5 |                3 |                 42 |
|       10 |                3 |                 43 |
|        7 |                3 |                 44 |
|        7 |                3 |                 45 |
|        8 |                3 |                 46 |
|        8 |                3 |                 47 |
|        6 |                3 |                 48 |
|       11 |                3 |                 49 |
|       10 |                3 |                 50 |
|        9 |                3 |                 51 |
|       15 |                3 |                 52 |
|       11 |                3 |                 53 |
|       13 |                3 |                 54 |
|        4 |                3 |                 55 |
|       10 |                3 |                 56 |
|       13 |                3 |                 57 |
|        6 |                3 |                 58 |
|        8 |                3 |                 59 |
|        7 |                4 |                  0 |
|       12 |                4 |                  1 |
|       12 |                4 |                  2 |
|        8 |                4 |                  3 |
|        6 |                4 |                  4 |
|        5 |                4 |                  5 |
|        2 |                4 |                  6 |
|        4 |                4 |                  7 |
|        7 |                4 |                  8 |
|        7 |                4 |                  9 |
|        9 |                4 |                 10 |
|        8 |                4 |                 11 |
|        8 |                4 |                 12 |
|        6 |                4 |                 13 |
|        3 |                4 |                 14 |
|        7 |                4 |                 15 |
|        6 |                4 |                 16 |
|       10 |                4 |                 17 |
|        9 |                4 |                 18 |
|        5 |                4 |                 19 |
|        6 |                4 |                 20 |
|        9 |                4 |                 21 |
|       10 |                4 |                 22 |
|        8 |                4 |                 23 |
|        7 |                4 |                 24 |
|        5 |                4 |                 25 |
|        8 |                4 |                 26 |
|        6 |                4 |                 27 |
|        4 |                4 |                 28 |
|       13 |                4 |                 29 |
|        5 |                4 |                 30 |
|        8 |                4 |                 31 |
|        6 |                4 |                 32 |
|       15 |                4 |                 33 |
|        7 |                4 |                 34 |
|        9 |                4 |                 35 |
|        5 |                4 |                 36 |
|       12 |                4 |                 37 |
|       12 |                4 |                 38 |
|        4 |                4 |                 39 |
|        8 |                4 |                 40 |
|       11 |                4 |                 41 |
|       14 |                4 |                 42 |
|       17 |                4 |                 43 |
|       17 |                4 |                 44 |
|        8 |                4 |                 45 |
|       18 |                4 |                 46 |
|        9 |                4 |                 47 |
|       13 |                4 |                 48 |
|       13 |                4 |                 49 |
|       15 |                4 |                 50 |
|       17 |                4 |                 51 |
|       19 |                4 |                 52 |
|       19 |                4 |                 53 |
|       17 |                4 |                 54 |
|        9 |                4 |                 55 |
|       10 |                4 |                 56 |
|       12 |                4 |                 57 |
|        8 |                4 |                 58 |
|       13 |                4 |                 59 |
|       14 |                5 |                  0 |
|       14 |                5 |                  1 |
|        7 |                5 |                  2 |
|       14 |                5 |                  3 |
|        6 |                5 |                  4 |
|       10 |                5 |                  5 |
|        7 |                5 |                  6 |
|       12 |                5 |                  7 |
|        9 |                5 |                  8 |
|       10 |                5 |                  9 |
|       14 |                5 |                 10 |
|       12 |                5 |                 11 |
|        8 |                5 |                 12 |
|       16 |                5 |                 13 |
|       12 |                5 |                 14 |
|        8 |                5 |                 15 |
|        5 |                5 |                 16 |
|        5 |                5 |                 17 |
|        6 |                5 |                 18 |
|        7 |                5 |                 19 |
|        7 |                5 |                 20 |
|       10 |                5 |                 21 |
|       11 |                5 |                 22 |
|       12 |                5 |                 23 |
|       13 |                5 |                 24 |
|        8 |                5 |                 25 |
|       10 |                5 |                 26 |
|        7 |                5 |                 27 |
|       13 |                5 |                 28 |
|       11 |                5 |                 29 |
|       11 |                5 |                 30 |
|       21 |                5 |                 31 |
|       16 |                5 |                 32 |
|       20 |                5 |                 33 |
|       23 |                5 |                 34 |
|       15 |                5 |                 35 |
|       15 |                5 |                 36 |
|       17 |                5 |                 37 |
|       18 |                5 |                 38 |
|       12 |                5 |                 39 |
|       16 |                5 |                 40 |
|       11 |                5 |                 41 |
|       21 |                5 |                 42 |
|       11 |                5 |                 43 |
|       17 |                5 |                 44 |
|       22 |                5 |                 45 |
|       18 |                5 |                 46 |
|       16 |                5 |                 47 |
|       15 |                5 |                 48 |
|       16 |                5 |                 49 |
|       21 |                5 |                 50 |
|       24 |                5 |                 51 |
|       18 |                5 |                 52 |
|       26 |                5 |                 53 |
|       21 |                5 |                 54 |
|       32 |                5 |                 55 |
|       21 |                5 |                 56 |
|       16 |                5 |                 57 |
|       14 |                5 |                 58 |
|       19 |                5 |                 59 |
|       19 |                6 |                  0 |
|       14 |                6 |                  1 |
|       21 |                6 |                  2 |
|       31 |                6 |                  3 |
|       22 |                6 |                  4 |
|       33 |                6 |                  5 |
|       13 |                6 |                  6 |
|       27 |                6 |                  7 |
|       21 |                6 |                  8 |
|       31 |                6 |                  9 |
|       21 |                6 |                 10 |
|       32 |                6 |                 11 |
|       32 |                6 |                 12 |
|       19 |                6 |                 13 |
|       55 |                6 |                 14 |
|       23 |                6 |                 15 |
|       23 |                6 |                 16 |
|       29 |                6 |                 17 |
|       34 |                6 |                 18 |
|       17 |                6 |                 19 |
|       21 |                6 |                 20 |
|       25 |                6 |                 21 |
|       19 |                6 |                 22 |
|       26 |                6 |                 23 |
|       29 |                6 |                 24 |
|       29 |                6 |                 25 |
|       33 |                6 |                 26 |
|       41 |                6 |                 27 |
|       42 |                6 |                 28 |
|       39 |                6 |                 29 |
|       40 |                6 |                 30 |
|       35 |                6 |                 31 |
|       29 |                6 |                 32 |
|       37 |                6 |                 33 |
|       33 |                6 |                 34 |
|       35 |                6 |                 35 |
|       49 |                6 |                 36 |
|       26 |                6 |                 37 |
|       31 |                6 |                 38 |
|       41 |                6 |                 39 |
|       31 |                6 |                 40 |
|       38 |                6 |                 41 |
|       36 |                6 |                 42 |
|       35 |                6 |                 43 |
|       42 |                6 |                 44 |
|       44 |                6 |                 45 |
|       36 |                6 |                 46 |
|       37 |                6 |                 47 |
|       40 |                6 |                 48 |
|       32 |                6 |                 49 |
|       24 |                6 |                 50 |
|       22 |                6 |                 51 |
|       23 |                6 |                 52 |
|       32 |                6 |                 53 |
|       34 |                6 |                 54 |
|       35 |                6 |                 55 |
|       31 |                6 |                 56 |
|       18 |                6 |                 57 |
|       28 |                6 |                 58 |
|       27 |                6 |                 59 |
|       21 |                7 |                  0 |
|       29 |                7 |                  1 |
|       37 |                7 |                  2 |
|       36 |                7 |                  3 |
|       35 |                7 |                  4 |
|       27 |                7 |                  5 |
|       32 |                7 |                  6 |
|       19 |                7 |                  7 |
|       35 |                7 |                  8 |
|       40 |                7 |                  9 |
|       30 |                7 |                 10 |
|       34 |                7 |                 11 |
|       36 |                7 |                 12 |
|       38 |                7 |                 13 |
|       39 |                7 |                 14 |
|       54 |                7 |                 15 |
|       69 |                7 |                 16 |
|       83 |                7 |                 17 |
|       91 |                7 |                 18 |
|      110 |                7 |                 19 |
|       90 |                7 |                 20 |
|       89 |                7 |                 21 |
|       77 |                7 |                 22 |
|      100 |                7 |                 23 |
|       99 |                7 |                 24 |
|      121 |                7 |                 25 |
|      131 |                7 |                 26 |
|      112 |                7 |                 27 |
|      127 |                7 |                 28 |
|      109 |                7 |                 29 |
|      118 |                7 |                 30 |
|      121 |                7 |                 31 |
|      132 |                7 |                 32 |
|      105 |                7 |                 33 |
|      126 |                7 |                 34 |
|      115 |                7 |                 35 |
|      109 |                7 |                 36 |
|       98 |                7 |                 37 |
|      105 |                7 |                 38 |
|      108 |                7 |                 39 |
|      116 |                7 |                 40 |
|      113 |                7 |                 41 |
|      114 |                7 |                 42 |
|      125 |                7 |                 43 |
|      114 |                7 |                 44 |
|      106 |                7 |                 45 |
|      107 |                7 |                 46 |
|      117 |                7 |                 47 |
|      119 |                7 |                 48 |
|      120 |                7 |                 49 |
|      113 |                7 |                 50 |
|      120 |                7 |                 51 |
|      120 |                7 |                 52 |
|      147 |                7 |                 53 |
|      116 |                7 |                 54 |
|      114 |                7 |                 55 |
|      109 |                7 |                 56 |
|      111 |                7 |                 57 |
|      112 |                7 |                 58 |
|      113 |                7 |                 59 |
|      118 |                8 |                  0 |
|      123 |                8 |                  1 |
|      140 |                8 |                  2 |
|      104 |                8 |                  3 |
|       99 |                8 |                  4 |
|      104 |                8 |                  5 |
|      120 |                8 |                  6 |
|      123 |                8 |                  7 |
|      115 |                8 |                  8 |
|      126 |                8 |                  9 |
|      116 |                8 |                 10 |
|      127 |                8 |                 11 |
|      127 |                8 |                 12 |
|      123 |                8 |                 13 |
|      110 |                8 |                 14 |
|      120 |                8 |                 15 |
|      119 |                8 |                 16 |
|      121 |                8 |                 17 |
|      133 |                8 |                 18 |
|      123 |                8 |                 19 |
|      148 |                8 |                 20 |
|      146 |                8 |                 21 |
|      137 |                8 |                 22 |
|      134 |                8 |                 23 |
|      168 |                8 |                 24 |
|      180 |                8 |                 25 |
|      145 |                8 |                 26 |
|      123 |                8 |                 27 |
|      112 |                8 |                 28 |
|      107 |                8 |                 29 |
|      125 |                8 |                 30 |
|      111 |                8 |                 31 |
|      123 |                8 |                 32 |
|      109 |                8 |                 33 |
|       89 |                8 |                 34 |
|      103 |                8 |                 35 |
|      127 |                8 |                 36 |
|      112 |                8 |                 37 |
|      127 |                8 |                 38 |
|      115 |                8 |                 39 |
|      102 |                8 |                 40 |
|       95 |                8 |                 41 |
|      100 |                8 |                 42 |
|      126 |                8 |                 43 |
|      134 |                8 |                 44 |
|      120 |                8 |                 45 |
|      145 |                8 |                 46 |
|      126 |                8 |                 47 |
|      138 |                8 |                 48 |
|      144 |                8 |                 49 |
|      168 |                8 |                 50 |
|      139 |                8 |                 51 |
|      119 |                8 |                 52 |
|      123 |                8 |                 53 |
|      137 |                8 |                 54 |
|      113 |                8 |                 55 |
|      132 |                8 |                 56 |
|      124 |                8 |                 57 |
|      134 |                8 |                 58 |
|      133 |                8 |                 59 |
|      135 |                9 |                  0 |
|      120 |                9 |                  1 |
|      128 |                9 |                  2 |
|      127 |                9 |                  3 |
|      128 |                9 |                  4 |
|       96 |                9 |                  5 |
|      132 |                9 |                  6 |
|      121 |                9 |                  7 |
|      111 |                9 |                  8 |
|      120 |                9 |                  9 |
|      125 |                9 |                 10 |
|      108 |                9 |                 11 |
|      119 |                9 |                 12 |
|       87 |                9 |                 13 |
|      108 |                9 |                 14 |
|      115 |                9 |                 15 |
|      117 |                9 |                 16 |
|      107 |                9 |                 17 |
|      119 |                9 |                 18 |
|      116 |                9 |                 19 |
|       60 |                9 |                 20 |
